日期,确诊,治愈,死亡,新增确诊
1.26,72,2,0,4
1.27,91,2,1,19
1.28,102,4,1,11
1.29,111,4,1,12
1.30,121,5,1,18
1.31,139,5,1,24
2.1,183,9,1,27
2.2,212,12,1,32
2.3,228,23,1,16
2.4,253,24,1,25
2.5,274,31,1,21
2.6,297,33,1,23
2.7,315,34,2,18
2.8,326,37,2,11
2.9,337,44,2,11
2.10,342,48,3,5
2.11,352,56,3,10
2.12,366,68,3,14
2.13,372,79,3,6
2.14,375,97,4,3
2.15,380,105,4,5
2.16,381,114,4,1
2.17,387,122,4,6
2.18,393,145,4,6
2.19,395,153,4,2
2.20,396,169,4,1
2.21,399,178,4,3
2.22,399,189,4,0
2.23,399,198,4,0
2.24,400,215,4,1
2.25,400,235,4,0
2.26,410,248,5,10
2.27,410,257,7,0
2.28,411,271,8,1
2.29,413,276,8,2
3.1,414,282,8,1
3.2,414,288,8,0
3.3,417,294,8,3
3.4,418,297,8,1
3.5,422,298,8,4
3.6,426,303,8,4
3.7,428,308,8,2
3.8,428,315,8,0
3.9,429,320,8,1
3.10,435,326,8,6
3.11,435,334,8,0
3.12,436,342,8,1
3.13,437,349,8,1
3.14,442,353,8,5
3.15,446,358,8,4
3.16,455,368,8,9
3.17,458,373,8,3
3.18,479,379,8,21
3.19,485,384,8,6
3.20,499,392,8,14
3.21,512,398,8,13
3.22,522,400,8,10
3.23,554,401,8,32
3.24,559,401,8,5
3.25,565,403,8,6
3.26,569,406,8,4
3.27,572,409,8,3
3.28,576,411,8,4
3.29,577,412,8,1
3.30,580,416,8,3
3.31,580,418,8,0
4.1,582,424,8,2
4.2,583,434,8,1
4.3,585,438,8,2
4.4,586,441,8,1
4.5,587,443,8,1
4.6,587,448,8,0
4.7,588,455,8,1
4.8,588,464,8,0
4.9,588,469,8,0
4.10,589,474,8,1
4.11,589,479,8,0
4.12,589,484,8,0
4.13,589,491,8,0
4.14,590,495,8,1
4.15,593,503,8,3
4.16,593,509,8,0
4.17,593,509,8,0
4.18,593,510,8,0
4.19,593,514,8,0
4.20,593,516,8,0
4.21,593,518,8,0
4.22,593,522,8,0
4.23,593,524,8,0
4.24,593,525,8,0
4.25,593,525,8,0
4.26,593,525,9,0
4.27,593,536,9,0
4.28,593,538,9,0
4.29,593,542,9,0
4.30,593,547,9,0
5.1,593,547,9,0
5.2,593,551,9,0
5.3,593,553,9,0
5.4,593,554,9,0
5.5,593,555,9,0
5.6,593,557,9,0
5.7,593,560,9,0
5.8,593,563,9,0
5.9,593,565,9,0
5.10,593,568,9,0
5.11,593,571,9,0
5.12,593,573,9,0
5.13,593,574,9,0
5.14,593,574,9,0
5.15,593,576,9,0
5.16,593,577,9,0
5.17,593,578,9,0
5.18,593,578,9,0
5.19,593,578,9,0
5.20,593,579,9,0
5.21,593,579,9,0
5.22,593,579,9,0
5.23,593,581,9,0
5.24,593,581,9,0
5.25,593,581,9,0
5.26,593,581,9,0
5.27,593,581,9,0
5.28,593,581,9,0
5.29,593,581,9,0
5.30,593,581,9,0
5.31,593,581,9,0
6.1,593,581,9,0
6.2,594,582,9,0
6.3,594,583,9,0
6.4,594,583,9,0
6.5,594,583,9,0
6.6,594,583,9,0
6.7,594,583,9,0
6.8,594,584,9,0
6.9,594,584,9,0
6.10,594,584,9,0
6.11,595,584,9,1
6.12,601,584,9,6
6.13,637,584,9,36
6.14,673,584,9,36
6.15,700,584,9,27
6.16,731,584,9,31
6.17,752,584,9,21
6.18,777,584,9,25
6.19,799,584,9,22
6.20,821,584,9,22
6.21,830,584,9,9
6.22,843,584,9,13
6.23,850,584,9,7
6.24,863,584,9,13
6.25,874,585,9,11
6.26,891,585,9,17
6.27,905,585,9,14
6.28,912,585,9,7
6.29,919,586,9,7
6.30,922,587,9,3
7.1,923,587,9,1
7.2,925,590,9,2
7.3,926,592,9,1
7.4,928,595,9,2
7.5,929,596,9,1
7.6,929,600,9,0
7.7,929,613,9,0
7.8,929,645,9,0
7.9,929,657,9,0
7.10,929,669,9,0
7.11,929,680,9,0
7.12,929,694,9,0
7.13,929,715,9,0
7.14,929,729,9,0
7.15,929,752,9,0
7.16,929,762,9,0
7.17,929,775,9,0
7.18,929,788,9,0
7.19,929,804,9,0
7.20,929,816,9,0
7.21,929,833,9,0
7.22,929,841,9,0
7.23,929,855,9,0
7.24,929,867,9,0
7.25,929,878,9,0
7.26,929,881,9,0
7.27,931,895,9,2
7.28,932,896,9,1
7.29,933,901,9,1
7.30,933,911,9,0
7.31,933,915,9,0
8.1,933,917,9,0
8.2,933,917,9,0
8.3,933,918,9,0
8.4,934,919,9,1
8.5,934,919,9,0
8.6,935,920,9,1
8.7,935,920,9,0
8.8,935,920,9,0
8.9,935,920,9,0
8.10,935,920,9,0
8.11,935,920,9,0
8.12,935,920,9,0
8.13,935,922,9,0
8.14,935,923,9,0
8.15,935,923,9,0
8.16,935,923,9,0
8.17,935,924,9,0
8.18,935,924,9,0
8.19,935,924,9,0
8.20,935,924,9,0
8.21,935,924,9,0
8.22,935,924,9,0
8.23,935,924,9,0
8.24,935,924,9,0
8.25,935,926,9,0
8.26,935,926,9,0
8.27,935,926,9,0
8.28,935,926,9,0
8.29,935,926,9,0
8.30,935,926,9,0
8.31,935,926,9,0
9.1,935,926,9,0
9.2,935,926,9,0
9.3,935,926,9,0
9.4,935,926,9,0
9.5,935,926,9,0
9.6,935,926,9,0
9.7,935,926,9,0
9.8,935,926,9,0
9.9,935,926,9,0
9.10,935,926,9,0
9.11,935,926,9,0
9.12,935,926,9,0
9.13,935,926,9,0
9.14,935,926,9,0
9.15,935,926,9,0
9.16,935,926,9,0
9.17,935,926,9,0
9.18,935,926,9,0
9.19,935,926,9,0
9.20,935,926,9,0
9.21,935,926,9,0
9.22,935,926,9,0
9.23,935,926,9,0
9.24,936,926,9,1
9.25,936,926,9,0
9.26,936,926,9,0
9.27,936,926,9,0
9.28,936,926,9,0
9.29,936,926,9,0
9.30,936,926,9,0
10.1,936,926,9,0
10.2,936,926,9,0
10.3,936,926,9,0
10.4,936,926,9,0
10.5,936,926,9,0
10.6,936,926,9,0
10.7,936,926,9,0
10.8,936,927,9,0
10.9,936,927,9,0
10.10,936,927,9,0
10.11,937,927,9,1
10.12,937,927,9,0
10.13,937,927,9,0
10.14,937,927,9,0
10.15,937,927,9,0
10.16,937,927,9,0
10.17,937,927,9,0
10.18,937,927,9,0
10.19,938,927,9,1
10.20,938,927,9,0
10.21,938,927,9,0
10.22,938,928,9,0
10.23,940,928,9,2
10.24,940,928,9,0
10.25,940,928,9,0
10.26,941,928,9,1
10.27,941,928,9,0
10.28,942,928,9,1
10.29,942,929,9,0
10.30,942,929,9,0
10.31,942,929,9,0
11.1,942,929,9,0
11.2,944,929,9,2
11.3,944,929,9,0
11.4,945,929,9,1
11.5,945,929,9,0
11.6,945,929,9,0
11.7,945,929,9,0
11.8,945,929,9,0
11.9,947,929,9,2
11.10,947,931,9,0
11.11,947,931,9,0
11.12,947,932,9,0
11.13,947,932,9,0
11.14,947,932,9,0
11.15,947,932,9,0
11.16,947,933,9,0
11.17,947,933,9,0
11.18,947,935,9,0
11.19,948,936,9,1
11.20,948,936,9,0
11.21,949,936,9,1
11.22,950,936,9,1
11.23,950,936,9,0
11.24,950,936,9,0
11.25,950,937,9,0
11.26,950,937,9,0
11.27,950,937,9,0
11.28,950,937,9,0
11.29,950,938,9,0
11.30,951,938,9,1
12.1,951,938,9,0
12.2,951,938,9,0
12.3,951,938,9,0
12.4,952,939,9,1
12.5,952,939,9,0
12.6,952,939,9,0
12.7,952,939,9,0
12.8,952,939,9,0
12.9,952,939,9,0
12.10,952,939,9,0
12.11,952,939,9,0
12.12,954,940,9,2
12.13,955,940,9,1
12.14,956,940,9,1
12.15,957,940,9,1
12.16,957,940,9,0
12.17,957,940,9,0
12.18,959,940,9,2
