日期,确诊,治愈,死亡,新增确诊
1.26,63,0,0,24
1.27,87,0,0,24
1.28,121,0,0,34
1.29,145,1,0,24
1.30,178,2,0,33
1.31,202,2,0,24
2.1,225,5,0,23
2.2,246,6,0,21
2.3,270,7,0,24
2.4,298,13,0,28
2.5,343,20,0,36
2.6,379,31,0,32
2.7,407,38,0,36
2.8,435,50,1,19
2.9,459,63,1,24
2.10,486,71,1,27
2.11,497,80,1,11
2.12,506,98,2,9
2.13,519,111,2,13
2.14,530,139,2,11
2.15,537,164,2,7
2.16,541,175,2,4
2.17,543,193,2,2
2.18,544,215,3,1
2.19,546,238,4,2
2.20,748,270,4,202
2.21,750,293,4,2
2.22,754,311,4,4
2.23,755,325,4,1
2.24,755,343,6,0
2.25,756,357,6,1
2.26,756,381,6,0
2.27,756,390,6,0
2.28,756,411,6,0
2.29,756,431,6,0
3.1,758,455,6,2
3.2,758,497,6,0
3.3,758,511,6,0
3.4,758,576,6,0
3.5,758,602,6,0
3.6,758,625,6,0
3.7,758,637,6,0
3.8,758,647,6,0
3.9,758,703,6,0
3.10,759,721,6,1
3.11,760,733,6,1
3.12,760,739,7,0
3.13,760,740,7,0
3.14,760,741,7,0
3.15,760,743,7,0
3.16,761,746,7,1
3.17,761,746,7,0
3.18,761,747,7,0
3.19,762,748,7,1
3.20,764,749,7,2
3.21,765,750,7,1
3.22,767,751,7,2
3.23,768,752,7,1
3.24,769,752,7,1
3.25,769,752,7,0
3.26,771,752,7,2
3.27,772,752,7,1
3.28,772,752,7,0
3.29,773,753,7,1
3.30,774,753,7,1
3.31,774,753,7,0
4.1,775,753,7,1
4.2,778,754,7,3
4.3,778,755,7,0
4.4,779,755,7,1
4.5,780,755,7,1
4.6,781,755,7,1
4.7,783,755,7,2
4.8,783,756,7,0
4.9,783,756,7,0
4.10,784,757,7,1
4.11,784,757,7,0
4.12,784,758,7,0
4.13,784,759,7,0
4.14,784,761,7,0
4.15,784,761,7,0
4.16,787,761,7,3
4.17,787,765,7,0
4.18,787,765,7,0
4.19,787,765,7,0
4.20,787,765,7,0
4.21,787,766,7,0
4.22,787,766,7,0
4.23,787,766,7,0
4.24,787,767,7,0
4.25,787,767,7,0
4.26,787,768,7,0
4.27,787,768,7,0
4.28,787,771,7,0
4.29,787,772,7,0
4.30,787,772,7,0
5.1,787,772,7,0
5.2,787,772,7,0
5.3,788,773,7,1
5.4,788,773,7,0
5.5,788,775,7,0
5.6,788,775,7,0
5.7,788,776,7,0
5.8,788,776,7,0
5.9,788,776,7,0
5.10,788,777,7,0
5.11,788,777,7,0
5.12,788,777,7,0
5.13,788,777,7,0
5.14,788,778,7,0
5.15,788,780,7,0
5.16,788,780,7,0
5.17,788,780,7,0
5.18,788,780,7,0
5.19,788,780,7,0
5.20,788,780,7,0
5.21,788,780,7,0
5.22,788,780,7,0
5.23,788,780,7,0
5.24,788,780,7,0
5.25,788,780,7,0
5.26,788,780,7,0
5.27,788,780,7,0
5.28,788,780,7,0
5.29,790,780,7,0
5.30,792,780,7,2
5.31,792,780,7,0
6.1,792,780,7,0
6.2,792,780,7,0
6.3,792,780,7,0
6.4,792,780,7,0
6.5,792,780,7,0
6.6,792,780,7,0
6.7,792,781,7,0
6.8,792,781,7,0
6.9,792,781,7,0
6.10,792,781,7,0
6.11,792,781,7,0
6.12,792,781,7,0
6.13,792,782,7,0
6.14,792,782,7,0
6.15,792,783,7,0
6.16,792,783,7,0
6.17,792,783,7,0
6.18,792,783,7,0
6.19,792,785,7,0
6.20,792,785,7,0
6.21,792,785,7,0
6.22,792,785,7,0
6.23,792,785,7,0
6.24,792,785,7,0
6.25,792,785,7,0
6.26,792,785,7,0
6.27,792,785,7,0
6.28,792,785,7,0
6.29,792,785,7,0
6.30,792,785,7,0
7.1,792,785,7,0
7.2,792,785,7,0
7.3,792,785,7,0
7.4,792,785,7,0
7.5,792,785,7,0
7.6,792,785,7,0
7.7,792,785,7,0
7.8,792,785,7,0
7.9,792,785,7,0
7.10,792,785,7,0
7.11,792,785,7,0
7.12,793,785,7,1
7.13,793,785,7,0
7.14,793,785,7,0
7.15,793,785,7,0
7.16,794,785,7,1
7.17,796,785,7,2
7.18,797,785,7,1
7.19,798,785,7,1
7.20,798,785,7,0
7.21,798,785,7,0
7.22,798,785,7,0
7.23,798,785,7,0
7.24,798,785,7,0
7.25,799,785,7,1
7.26,799,785,7,0
7.27,799,785,7,0
7.28,799,785,7,0
7.29,799,785,7,0
7.30,799,785,7,0
7.31,799,786,7,0
8.1,802,786,7,3
8.2,804,786,7,2
8.3,804,786,7,0
8.4,804,786,7,0
8.5,805,786,7,1
8.6,805,787,7,0
8.7,806,788,7,1
8.8,806,788,7,0
8.9,810,788,7,4
8.10,816,788,7,6
8.11,817,788,7,1
8.12,821,789,7,4
8.13,821,789,7,0
8.14,821,790,7,0
8.15,821,790,7,0
8.16,822,790,7,1
8.17,822,793,7,0
8.18,823,793,7,1
8.19,824,793,7,1
8.20,827,794,7,3
8.21,830,795,7,3
8.22,830,797,7,0
8.23,831,798,7,1
8.24,831,798,7,0
8.25,831,801,7,0
8.26,831,801,7,0
8.27,831,802,7,0
8.28,831,806,7,0
8.29,831,807,7,0
8.30,831,807,7,0
8.31,831,808,7,0
9.1,831,809,7,0
9.2,831,809,7,0
9.3,831,809,7,0
9.4,831,809,7,0
9.5,831,810,7,0
9.6,831,811,7,0
9.7,831,811,7,0
9.8,831,811,7,0
9.9,831,811,7,0
9.10,831,812,7,0
9.11,831,813,7,0
9.12,831,813,7,0
9.13,831,813,7,0
9.14,831,813,7,0
9.15,831,813,7,0
9.16,831,813,7,0
9.17,831,813,7,0
9.18,831,814,7,0
9.19,831,815,7,0
9.20,831,816,7,0
9.21,831,816,7,0
9.22,832,816,7,1
9.23,832,816,7,0
9.24,832,816,7,0
9.25,832,821,7,0
9.26,832,821,7,0
9.27,832,822,7,0
9.28,832,823,7,0
9.29,832,823,7,0
9.30,832,823,7,0
10.1,832,823,7,0
10.2,832,823,7,0
10.3,832,823,7,0
10.4,832,823,7,0
10.5,832,823,7,0
10.6,832,823,7,0
10.7,832,823,7,0
10.8,832,823,7,0
10.9,832,823,7,0
10.10,832,824,7,0
10.11,838,824,7,0
10.12,838,824,7,6
10.13,844,824,7,6
10.14,845,824,7,1
10.15,845,824,7,0
10.16,845,824,7,0
10.17,845,825,7,0
10.18,845,825,7,0
10.19,845,825,7,0
10.20,845,826,7,0
10.21,845,827,7,0
10.22,845,827,7,0
10.23,845,827,7,0
10.24,845,827,7,0
10.25,845,828,7,0
10.26,846,828,7,1
10.27,846,829,7,0
10.28,846,831,7,0
10.29,847,833,7,1
10.30,847,834,7,0
10.31,847,835,7,0
11.1,847,835,7,0
11.2,848,836,7,1
11.3,848,836,7,0
11.4,848,837,7,0
11.5,848,838,7,0
11.6,848,839,7,0
11.7,848,839,7,0
11.8,848,839,7,0
11.9,848,839,7,0
11.10,848,840,7,0
11.11,848,841,7,0
11.12,848,841,7,0
11.13,848,841,7,0
11.14,848,841,7,0
11.15,848,841,7,0
11.16,849,841,7,1
11.17,849,841,7,0
11.18,849,841,7,0
11.19,849,841,7,0
11.20,849,841,7,0
11.21,849,841,7,0
11.22,849,841,7,0
11.23,849,841,7,0
11.24,849,841,7,0
11.25,849,841,7,0
11.26,849,841,7,0
11.27,849,841,7,0
11.28,849,841,7,0
11.29,854,841,7,5
11.30,854,841,7,0
12.1,854,841,7,0
12.2,856,841,7,2
12.3,857,841,7,1
12.4,857,841,7,0
12.5,857,841,7,0
12.6,857,841,7,0
12.7,857,841,7,0
12.8,857,841,7,0
12.9,857,841,7,0
12.10,857,841,7,0
12.11,857,841,7,0
12.12,858,841,7,1
12.13,858,841,7,0
12.14,858,841,7,0
12.15,859,841,7,1
12.16,859,841,7,0
12.17,859,841,7,0
12.18,861,841,7,2
