日期,确诊,治愈,死亡,新增确诊
1.26,1423,44,76,371
1.27,2714,47,100,1291
1.28,3554,80,125,840
1.29,4586,90,162,1032
1.30,5806,116,204,1220
1.31,7153,166,249,1347
2.1,9074,215,294,1921
2.2,11177,295,350,2103
2.3,13522,396,414,2345
2.4,16678,520,479,3156
2.5,19665,633,549,2987
2.6,22112,817,618,2447
2.7,24953,1115,699,2841
2.8,27100,1439,780,2147
2.9,29631,1795,871,2618
2.10,31728,2222,974,2097
2.11,33366,2639,1068,1638
2.12,48206,3441,1310,14840
2.13,51986,3862,1318,4823
2.14,54406,4774,1457,2420
2.15,56249,5623,1596,1843
2.16,58182,6639,1696,1933
2.17,59989,7862,1789,1807
2.18,61682,9128,1921,1693
2.19,62457,10337,2029,775
2.20,63088,11788,2144,631
2.21,63454,13557,2250,366
2.22,64084,15299,2346,630
2.23,64287,16738,2495,398
2.24,64786,18854,2563,499
2.25,65187,20912,2615,401
2.26,65596,23200,2641,409
2.27,65914,26403,2682,318
2.28,66337,28895,2727,423
2.29,66907,31187,2761,570
3.1,67103,33757,2803,196
3.2,67217,36167,2834,114
3.3,67332,38556,2871,115
3.4,67466,40479,2902,134
3.5,67592,41966,2931,126
3.6,67666,43468,2959,74
3.7,67707,45011,2986,41
3.8,67743,46433,3007,36
3.9,67760,47585,3024,17
3.10,67773,49056,3046,13
3.11,67781,50298,3056,8
3.12,67786,51553,3062,5
3.13,67790,52943,3075,4
3.14,67794,54278,3085,4
3.15,67798,55094,3099,4
3.16,67799,55987,3111,1
3.17,67800,56883,3122,1
3.18,67800,57678,3130,0
3.19,67800,58381,3132,0
3.20,67800,58942,3139,0
3.21,67800,59432,3144,0
3.22,67800,59879,3153,0
3.23,67801,60323,3160,1
3.24,67801,60810,3163,0
3.25,67801,61201,3169,0
3.26,67801,61731,3174,0
3.27,67801,62098,3177,0
3.28,67801,62565,3182,0
3.29,67801,62882,3186,0
3.30,67801,63153,3187,0
3.31,67802,63326,3193,1
4.1,67802,63471,3199,0
4.2,67802,63612,3203,0
4.3,67803,63762,3207,1
4.4,67803,63945,3210,1
4.5,67803,64014,3212,0
4.6,67803,64073,3212,0
4.7,67803,64142,3213,0
4.8,67803,64187,3215,0
4.9,67803,64236,3216,0
4.10,67803,64264,3219,0
4.11,67803,64281,3219,0
4.12,67803,64338,3221,0
4.13,67803,64363,3221,0
4.14,67803,64402,3222,0
4.15,67803,64435,3222,0
4.16,67803,64452,3222,0
4.17,68128,63494,4512,0
4.18,68128,63507,4512,0
4.19,68128,63511,4512,0
4.20,68128,63514,4512,0
4.21,68128,63519,4512,0
4.22,68128,63547,4512,0
4.23,68128,63569,4512,0
4.24,68128,63593,4512,0
4.25,68128,63604,4512,0
4.26,68128,63616,4512,0
4.27,68128,63616,4512,0
4.28,68128,63616,4512,0
4.29,68128,63616,4512,0
4.30,68128,63616,4512,0
5.1,68128,63616,4512,0
5.2,68128,63616,4512,0
5.3,68128,63616,4512,0
5.4,68128,63616,4512,0
5.5,68128,63616,4512,0
5.6,68128,63616,4512,0
5.7,68128,63616,4512,0
5.8,68128,63616,4512,0
5.9,68129,63616,4512,1
5.10,68134,63616,4512,5
5.11,68134,63616,4512,0
5.12,68134,63616,4512,0
5.13,68134,63616,4512,0
5.14,68134,63616,4512,0
5.15,68134,63616,4512,0
5.16,68134,63616,4512,0
5.17,68134,63616,4512,0
5.18,68135,63616,4512,1
5.19,68135,63616,4512,0
5.20,68135,63616,4512,0
5.21,68135,63616,4512,0
5.22,68135,63616,4512,0
5.23,68135,63616,4512,0
5.24,68135,63617,4512,0
5.25,68135,63617,4512,0
5.26,68135,63618,4512,0
5.27,68135,63618,4512,0
5.28,68135,63618,4512,0
5.29,68135,63619,4512,0
5.30,68135,63619,4512,0
5.31,68135,63620,4512,0
6.1,68135,63620,4512,0
6.2,68135,63620,4512,0
6.3,68135,63620,4512,0
6.4,68135,63623,4512,0
6.5,68135,63623,4512,0
6.6,68135,63623,4512,0
6.7,68135,63623,4512,0
6.8,68135,63623,4512,0
6.9,68135,63623,4512,0
6.10,68135,63623,4512,0
6.11,68135,63623,4512,0
6.12,68135,63623,4512,0
6.13,68135,63623,4512,0
6.14,68135,63623,4512,0
6.15,68135,63623,4512,0
6.16,68135,63623,4512,0
6.17,68135,63623,4512,0
6.18,68135,63623,4512,0
6.19,68135,63623,4512,0
6.20,68135,63623,4512,0
6.21,68135,63623,4512,0
6.22,68135,63623,4512,0
6.23,68135,63623,4512,0
6.24,68135,63623,4512,0
6.25,68135,63623,4512,0
6.26,68135,63623,4512,0
6.27,68135,63623,4512,0
6.28,68135,63623,4512,0
6.29,68135,63623,4512,0
6.30,68135,63623,4512,0
7.1,68135,63623,4512,0
7.2,68135,63623,4512,0
7.3,68135,63623,4512,0
7.4,68135,63623,4512,0
7.5,68135,63623,4512,0
7.6,68135,63623,4512,0
7.7,68135,63623,4512,0
7.8,68135,63623,4512,0
7.9,68135,63623,4512,0
7.10,68135,63623,4512,0
7.11,68135,63623,4512,0
7.12,68135,63623,4512,0
7.13,68135,63623,4512,0
7.14,68135,63623,4512,0
7.15,68135,63623,4512,0
7.16,68135,63623,4512,0
7.17,68135,63623,4512,0
7.18,68135,63623,4512,0
7.19,68135,63623,4512,0
7.20,68135,63623,4512,0
7.21,68135,63623,4512,0
7.22,68135,63623,4512,0
7.23,68135,63623,4512,0
7.24,68135,63623,4512,0
7.25,68135,63623,4512,0
7.26,68135,63623,4512,0
7.27,68135,63623,4512,0
7.28,68135,63623,4512,0
7.29,68135,63623,4512,0
7.30,68135,63623,4512,0
7.31,68135,63623,4512,0
8.1,68138,63623,4512,3
8.2,68138,63623,4512,0
8.3,68138,63623,4512,0
8.4,68138,63623,4512,0
8.5,68138,63623,4512,0
8.6,68138,63623,4512,0
8.7,68139,63623,4512,1
8.8,68139,63623,4512,0
8.9,68139,63623,4512,0
8.10,68139,63623,4512,0
8.11,68139,63623,4512,0
8.12,68139,63623,4512,0
8.13,68139,63623,4512,0
8.14,68139,63625,4512,0
8.15,68139,63625,4512,0
8.16,68139,63625,4512,0
8.17,68139,63625,4512,0
8.18,68139,63626,4512,0
8.19,68139,63626,4512,0
8.20,68139,63626,4512,0
8.21,68139,63626,4512,0
8.22,68139,63626,4512,0
8.23,68139,63626,4512,0
8.24,68139,63626,4512,0
8.25,68139,63626,4512,0
8.26,68139,63626,4512,0
8.27,68139,63626,4512,0
8.28,68139,63626,4512,0
8.29,68139,63626,4512,0
8.30,68139,63627,4512,0
8.31,68139,63627,4512,0
9.1,68139,63627,4512,0
9.2,68139,63627,4512,0
9.3,68139,63627,4512,0
9.4,68139,63627,4512,0
9.5,68139,63627,4512,0
9.6,68139,63627,4512,0
9.7,68139,63627,4512,0
9.8,68139,63627,4512,0
9.9,68139,63627,4512,0
9.10,68139,63627,4512,0
9.11,68139,63627,4512,0
9.12,68139,63627,4512,0
9.13,68139,63627,4512,0
9.14,68139,63627,4512,0
9.15,68139,63627,4512,0
9.16,68139,63627,4512,0
9.17,68139,63627,4512,0
9.18,68139,63627,4512,0
9.19,68139,63627,4512,0
9.20,68139,63627,4512,0
9.21,68139,63627,4512,0
9.22,68139,63627,4512,0
9.23,68139,63627,4512,0
9.24,68139,63627,4512,0
9.25,68139,63627,4512,0
9.26,68139,63627,4512,0
9.27,68139,63627,4512,0
9.28,68139,63627,4512,0
9.29,68139,63627,4512,0
9.30,68139,63627,4512,0
10.1,68139,63627,4512,0
10.2,68139,63627,4512,0
10.3,68139,63627,4512,0
10.4,68139,63627,4512,0
10.5,68139,63627,4512,0
10.6,68139,63627,4512,0
10.7,68139,63627,4512,0
10.8,68139,63627,4512,0
10.9,68139,63627,4512,0
10.10,68139,63627,4512,0
10.11,68139,63627,4512,0
10.12,68139,63627,4512,0
10.13,68139,63627,4512,0
10.14,68139,63627,4512,0
10.15,68139,63627,4512,0
10.16,68139,63627,4512,0
10.17,68139,63627,4512,0
10.18,68139,63627,4512,0
10.19,68139,63627,4512,0
10.20,68139,63627,4512,0
10.21,68139,63627,4512,0
10.22,68139,63627,4512,0
10.23,68139,63627,4512,0
10.24,68139,63627,4512,0
10.25,68139,63627,4512,0
10.26,68139,63627,4512,0
10.27,68139,63627,4512,0
10.28,68139,63627,4512,0
10.29,68139,63627,4512,0
10.30,68139,63627,4512,0
10.31,68139,63627,4512,0
11.1,68139,63627,4512,0
11.2,68143,63627,4512,4
11.3,68143,63627,4512,0
11.4,68143,63627,4512,0
11.5,68143,63627,4512,0
11.6,68143,63627,4512,0
11.7,68147,63627,4512,4
11.8,68147,63627,4512,0
11.9,68147,63627,4512,0
11.10,68147,63627,4512,0
11.11,68147,63627,4512,0
11.12,68147,63627,4512,0
11.13,68147,63627,4512,0
11.14,68148,63627,4512,1
11.15,68148,63627,4512,0
11.16,68148,63627,4512,0
11.17,68148,63628,4512,0
11.18,68148,63628,4512,0
11.19,68148,63628,4512,0
11.20,68148,63628,4512,0
11.21,68148,63628,4512,0
11.22,68148,63628,4512,0
11.23,68148,63628,4512,0
11.24,68148,63628,4512,0
11.25,68148,63629,4512,0
11.26,68148,63629,4512,0
11.27,68148,63630,4512,0
11.28,68148,63630,4512,0
11.29,68148,63633,4512,0
11.30,68148,63633,4512,0
12.1,68148,63633,4512,0
12.2,68149,63633,4512,1
12.3,68149,63633,4512,0
12.4,68149,63633,4512,0
12.5,68149,63635,4512,0
12.6,68149,63635,4512,0
12.7,68149,63635,4512,0
12.8,68149,63635,4512,0
12.9,68149,63636,4512,0
12.10,68149,63636,4512,0
12.11,68149,63636,4512,0
12.12,68149,63636,4512,0
12.13,68149,63636,4512,0
12.14,68149,63636,4512,0
12.15,68149,63637,4512,0
12.16,68149,63637,4512,0
12.17,68149,63637,4512,0
12.18,68149,63637,4512,0
